Z
49
52
61
45
31
32
42
22
47
47
42
36
33
33
30
27
35
33
34
52
53
56
55
52
61
56
52
45
40
50
50
49
48
49
53
62
64
68
69
70
68
65
67
58
69
71
64
56
67
59
61
63
66
63
64
58
57
57
58
61
63
64
68
63
68
59
63
65
62
64
66
62
60
57
53
53
49
48
57
52
53
54
56
60
60
57
53
47
51
46
43
37
52
50
46
40
42
31
33
39
37
41
37
41
45
44
37
35
42
33
28
38
40
38
39
38
41
35
32
28
28
31
33
29
35
63
60
61
57
52
48
44
47
53
54
64
61
54
55
63
63
57
52
49
50
56
54
56
56
52
49
58
56
63
61
40
39
35
35
27
33
32
38
44
38
46
47
43
40
39
45
44
42
40
55
50
52
49
43
43
35
42
42
47
36
46
48
42
48
47
36
34
31
34
27
29
28
22
30
29
28
26
30
27
29
26
25
27
24
25
27
26
25
27
28
22
20
18
22
29
25
21
29
26
27
18
22
18
15
27
16
26
22
24
19
19
22
24
24
26
21
25
28
37
29
35
26
34
31
32
32
27
29
27
28
37
39
46
37
43
48
44
40
46
22
25
26
24
29
32
57
55
54
52
49
43
33
34
42
38
37
38
44
43
41
46
52
47
48
61
56
53
47
57
60
57
53
26
37
26
30
26
32
36
38
32
32
27
30
31
48
68
57
61
49
53
42
30
28
43
22
48
43
38
35
33
32
32
43
37
31
51
55
54
59
60
55
45
43
36
55
53
50
50
51
49
48
53
59
64
67
70
72
69
69
66
66
64
67
55
60
57
65
65
58
56
55
59
57
58
64
64
68
64
60
63
68
62
66
63
65
62
63
61
62
58
54
52
55
52
55
58
59
67
57
64
58
53
47
43
32
52
44
32
32
33
36
39
38
35
44
34
46
36
44
38
41
36
31
28
26
37
35
39
36
41
37
31
28
27
29
39
36
38
31
35
34
34
69
65
63
65
61
56
50
46
47
53
47
59
62
64
57
51
53
58
56
57
50
60
57
56
60
60
61
63
66
42
39
34
31
34
40
35
45
45
50
42
51
49
49
42
41
45
52
53
50
49
44
48
52
52
52
48
40
44
43
40
47
47
38
44
49
51
47
37
35
33
31
32
27
24
30
30
29
28
26
27
26
24
26
25
26
26
27
27
27
25
21
20
19
31
28
20
18
18
30
27
28
25
16
15
26
14
24
17
17
20
19
17
22
23
23
20
25
24
32
36
37
33
28
34
38
32
30
30
31
27
27
30
33
46
47
42
47
45
26
24
28
24
26
29
62
59
53
48
33
34
39
37
35
43
40
38
43
40
42
48
47
54
51
53
59
59
55
60
56
53
24
36
33
30
35
23
28
31
26
27
24
30
37
38
33
32
27
24
29
37
38
33
32
26
23
29
